257531 5 45
257531 50 143
257461 44 95
256734 1 57
256734 60 213
254906 1 75
254907 1 52
257599 42 118
256843 1 204
256843 207 284
256843 286 378
256843 380 461
256843 463 587
256843 598 627
256843 630 661
256843 1001 1034
256843 1036 1081
256843 1083 1191
256843 1193 1193
256843 1195 1329
256843 1331 1332
256842 131 132
256801 73 263
256869 1 34
256868 5 33
256868 35 200
256868 202 492
256867 1 16
256867 19 94
256866 34 47
256941 1 17
256941 19 29
256941 103 105
256941 107 126
256941 129 129
256941 131 168
256941 170 170
256941 175 290
256941 293 294
256630 5 26
254914 32 32
254914 34 78
256674 1 2
256675 1 106
256675 111 164
256676 1 160
256676 162 208
256677 1 291
256677 293 390
256677 392 397
256677 400 455
256677 457 482
256673 55 56
256729 1 336
256729 346 598
256729 600 755
256729 758 760
256729 765 1165
256729 1167 1292
256729 1295 1327
256729 1329 1732
254852 47 94
254232 1 81
254231 1 24
254879 52 52
254879 54 140
257394 41 72
257395 1 13
254790 90 90
254790 93 630
254790 633 697
254790 701 715
254790 719 784
